16
[ 232030933    8964828  362783980  595035962  383616186  814064939  371514823  951787897  756791752   94877579  398922976  301223104  274911254  154416581  841595915  828482856]
[ 283758796  168874217  208760099  752251911  435513786  962599979  562472659  445649389  863376850  301562654  129441875  268366196  622742376  422043357  687005986  278497707]
[ 430554246  461259057  681770676  945337572  785109428  624832578    6752677  843264700  239628054  694263927  948941346   25031261  874799657  840667252  151305879 1066650978]
[ 638331844  517607548 1051557058  340555724  737037451  874211802 1019005089  930916479 1053916839   89333579  471270428  896937946  869850921  379782819  647571677  796229473]
[ 131967284  100486526  402227335  832311758 1044331982  398902083  483423695  654478726  950584259  224624532  910712569  417152513   51522134  447672489  441465951  969325916]
[ 117429186  178755094  804044859  364675769  958054428 1029204744  300971990 1061913460  904175657  288670322  731368405 1048387480  712616472    9325087  977638289  382985331]
[ 737792574  706483837  150838378   80242644  669252381  348147745  816672092  686774543  105506316  780666913  190321716  515749915  690104842  986153606  620707920  833582850]
[ 428418582  921233527  548743363  662467903  418784447  389246414  360386198  238451977  548610266  263163029 1014185957  782901062  114640814  762172500  661757169  573107309]
[1044050284  880175342    9646189   68010074  135602170  403539031  275004821 1028348844  115742527  110910035  551782592  489384494  736880923  530147151  923023784  566045051]
[ 677132014  865381921  825318024   46278844   27484134  273536083  593979313  587929034  369701716  731647743  639622328  286199484  590071768  859079715  450829639  783226329]
[ 245482248  328144356  226686880  162545179  630142654  833697703  952319899  579124138  205076523  776313993  702985732  954631107  427298721  440024590  509719087  181058590]
[ 658013075 1048366243  389055336   54858314  650413024  409191628  958228532  943670214  770364074 1018059743  162336849  423874835  576944416  925323667  701451266  813419791]
[ 600299775 1058840734  258689195  621334569  833243504  702417300  838690327 1069653631  947520901  274098767  283552836  592895926  551457028  780902770  313866135 1016860375]
[ 946253372  878960265  471857538  720894280   39730732 1036575895  367370094  542178649 1054690686  495657905  966723879  195095902  946336431  793582542  211077575  514206382]
[  19829451  394632808  695934380   43059377  423405249  347453115  183292017  789534115  674387499  942001603  691065889  842906956  319311577  275852253  879426844  116659611]
[ 519490317  747642952  462517423 1052110212  456123817  743809434   61056161  139943429  498619275  603525020  592856708  748405624  912470852   10615844  425792658  317362650]