32
[ 159788871 702800447 941459 369705333 922966621 332049989 315962229 772373682 824886453 1001452413 633755404 936377828 722366191 439261557 39315420 778505271 1011872507 146089132 731337068 145080013 881004628 30522334 442945551 373442460 998451517 8932220 270804352 205424491 277421820 988595824 28414953 77171983 ]
[ 557826739 273927119 421680208 85080207 994044810 350401495 348986451 573436348 960030314 106578717 332377193 161958999 250221258 738961101 795341422 803278545 748012037 852678709 979887322 954299713 833641450 243358501 365679627 1008300768 796289652 36201667 866872128 76938388 874421247 809393332 920890947 686819832 ]
[ 388186263 647881510 768359516 617795858 411306803 352750137 212680355 1034247947 876702045 851711698 322040684 425097657 44829229 186509524 1010838857 256126022 648096486 78193977 731740992 640220752 365104768 330557138 481422303 889259800 439042161 1009573070 570315185 569136593 100114801 618926375 134587923 986822618 ]
[ 376052416 143674839 360405844 671623774 791799170 402998041 53138241 526869094 596331601 1067337532 197948937 729455168 272345664 255738465 197835945 290772554 67212586 275273810 610719251 530223040 439115273 758381148 848510531 865727399 281083522 17837459 298631405 967384805 460585709 134988412 670091404 907263615 ]
[ 763817700 996793530 608247314 466147686 950308817 549184605 922423803 568115993 313601572 489997354 736890555 1038287202 894327603 719219273 488961697 397821003 469733471 845377585 1048030385 112924102 748793171 698572361 98361597 612662583 562868486 348756238 556224783 57051490 663578357 757213383 215508694 951506550 ]
[ 335500546 744743146 685560346 246618224 932115051 261045454 140267884 547385214 483030129 655959892 671980849 513858888 130000902 820045449 867656310 586212005 314984834 55332614 209122490 673255510 181015129 477620685 987683427 497980440 583779557 769551768 616169709 851313808 384503422 725823950 16042478 21184559 ]
[ 605708974 145495107 1003191424 180868944 627688794 806351310 378868554 536224088 235610759 943461671 713388748 741870698 261610381 202909290 512036974 476159641 213135678 452137117 372123854 897005890 245787221 191739503 1048032846 241708221 758439977 524875372 922058169 561317101 749012783 563511198 541516648 945470897 ]
[ 188823541 175381418 773472179 922901526 618460317 580523311 1041282015 672365525 355355149 197410891 1009405357 1000802783 396154731 16989643 775646789 663583168 540303965 940315749 383516362 235431726 154331831 174722685 977906469 758706833 808810335 229103660 148760580 967083050 395441282 561226743 5100088 24090739 ]
[ 20416912 900658241 859298045 929401621 913303098 32587397 373335975 997797404 657537035 188627351 430216974 206659891 330518670 703744998 306905864 669059181 527217087 146724016 879991751 957048210 338063690 171682158 855940257 249277890 118904975 126375295 188950655 451877167 107414057 60836585 254874933 760148952 ]
[ 579293540 973356903 678999988 819239987 336834210 883689026 194886851 555134272 177556059 837249996 988822664 687553219 1031547254 204331300 242991872 726541463 925062307 54110688 937675711 430430673 364630471 246373796 150421316 1043662454 117987704 156901609 852941060 314109279 794539374 486793022 1016141832 609818472 ]
[ 71827177 615249778 914661007 144785244 128941291 676079472 204450518 346556873 126643080 865466465 18238324 242347717 22489348 663247303 742641840 1013425708 787108593 140431779 219060662 582780236 377096529 252356886 948447010 131004515 820308101 973373240 824749514 195491458 439641688 463580929 110933405 789897002 ]
[ 283259583 787863521 421316322 710727236 39359352 79628468 858265481 933978074 181092420 347331720 201628999 213520996 521032970 1046836602 195976903 735024964 1025781828 385304414 505989483 274354751 378303003 714154488 830940171 385243592 98403518 310658107 232469400 718060120 508623514 157621508 46171063 490646994 ]
[ 407864094 596161671 1059873197 570894902 617523236 611639860 543042640 297905912 921962877 49091960 570468863 419236706 533574037 243242737 212735831 549676355 160730727 930221687 163869542 747568669 576714107 957665887 910043499 15924145 243199297 502624321 739569074 987685711 452039446 667984143 1032692167 700066490 ]
[ 348514677 1050659947 192850939 438058205 212053718 878410133 988728628 765531877 7585182 569191481 771428815 449612282 299666515 451191629 844251561 222515176 724139667 675833031 671409748 279820933 457252451 21494263 391707952 281654027 1039109975 879593011 288225864 690455981 953663342 415598308 931561967 806272887 ]
[ 562349345 349129812 75087976 43238429 569184762 587424762 319733545 868096938 150826929 132685741 1016455881 722251428 992551394 467221274 419799609 774650213 214948204 849518764 148277988 667611765 1017594664 846432614 186767699 843962673 956601131 549931039 318884135 1044995748 655265974 951267574 733797945 156240979 ]
[ 327327655 526736447 232918033 12643656 35120172 338472730 741831884 129652805 531249987 406236468 340063855 383844467 332195696 694143918 1057928719 22070467 194695469 857900014 820079306 102192117 1068769753 884440845 1023167987 234406990 305191871 684584942 639995131 772802599 284575310 311947373 355334130 619124376 ]
[ 369440131 167321101 227209351 935263281 948120560 1034469940 452629998 284958343 774301510 261076647 50784866 1045849839 618628874 704047504 132637879 24747077 322730495 320368939 1055912750 44143264 976749909 799866617 799275429 773350127 924525455 768493083 550611833 962159826 780081280 1041449277 351544675 720943378 ]
[ 887515224 1063819577 593179564 675180562 120555940 572104902 435998368 660024631 535936389 696990260 761778427 820761737 611565678 850988446 821829967 555002278 675347898 128137521 954809460 517741878 948679672 622785972 815589579 440410754 718098607 597460906 964090584 919639650 306258625 837749739 911040599 13854967 ]
[ 195699162 440177538 923653386 577447933 145516069 967517376 995117972 295763613 216257002 120200718 278722621 818011068 635552138 683541355 197300409 826820546 542330575 344925219 382907899 983142687 889656324 610789787 647928481 900095739 865626365 662409459 487001283 760568249 585149860 642439695 450989607 751294421 ]
[ 969765667 1069528229 875876051 592870163 829809037 881910486 552832060 317240888 31052583 830275909 57587747 540152960 65441582 230857168 29258134 299543178 82274235 536458539 613520791 213433215 827144633 641206120 1059742959 421790620 630744780 550361390 28768941 532331985 40309010 525203865 267836031 34388792 ]
[ 337837208 417063249 1032410992 788983556 536987277 936848552 76079886 506794 523793243 194604224 845681161 522080851 867912779 896844867 337783415 89865272 658670707 113344201 852347518 285454214 245039759 503777896 655324340 730866552 596579602 662581527 473435584 144701305 818464748 45222678 479123122 900726308 ]
[ 913801269 730368037 97500289 745892460 474983453 149802018 410148772 582630347 645945108 518216856 1065443348 598914139 164119500 138700480 997896752 706197625 59509676 989115952 627243332 703600517 559111177 119755843 381118337 603183593 459868212 77584207 81507198 832016425 482192053 960712046 506269427 279915610 ]
[ 967644769 867971467 91042794 476033620 953786005 27619912 845134717 646662649 951094291 673075454 728560703 407077910 145720366 460335391 339498165 1030009935 507509066 993006388 356051279 820954401 642697087 846850253 294616305 183972982 1056748208 253304400 378478572 159558005 418414415 107558375 825229232 729992077 ]
[ 708450841 673822292 95974402 934460709 480691474 739834564 353157713 711949763 615827725 501585438 1044174049 244124259 329161204 1037645794 850377982 1057368263 508341584 470962341 431489540 577444744 859075687 573335950 250891556 1054172380 98403421 194507988 641176056 301544420 110126618 1004789669 807328943 306420183 ]
[ 341434813 720888120 27171945 855621344 810208707 424383560 936013402 980873753 864835012 1005758241 177529138 202972085 391664271 1030708340 1065855707 377675809 430236984 874429364 38373245 618058226 140963032 783520364 592284237 807757301 283874634 191095873 706086067 391032497 690342460 588557642 397944715 174563724 ]
[ 928867623 422047563 237634849 356000368 201620916 276752305 754245604 570016136 151510546 690950512 1031776283 1014332765 784268663 446203317 466467529 145883821 486421352 714401848 304465803 395474210 156499943 792342533 291061318 795269797 271604668 76567170 644007160 469386911 135942824 580853937 820906124 1017185353 ]
[ 272965615 533348510 150934685 18172418 330812018 594927221 978131636 771596453 318826799 24861922 748015764 300198736 332336270 935399254 13665770 997825655 40187877 307444349 784443387 732813174 830530601 8872716 303798411 720779767 490062267 155217283 401740608 1042629111 704297258 498713464 706139462 206875905 ]
[ 434412825 867165691 922313734 359973039 1071474816 941882062 730164572 832486833 449804437 1008974998 917603002 63127595 680876158 466705598 790038915 902482273 565059742 421164520 476962394 283430852 511444785 914824103 636964302 479077151 928568051 818341810 30611181 839846116 221816925 384649366 1065967613 88746762 ]
[ 54455700 839061787 997636291 548309711 973634801 981445145 212102536 918410614 88645680 1040293452 619669542 334652148 254992534 851080737 396332419 803789643 763035307 488192829 1060261714 25812553 866421121 374930707 602516473 291895764 116230660 848611690 755970061 129901304 632948367 243531479 416036726 296123187 ]
[ 782242879 696307021 514209528 956412877 211643818 16008389 313108203 875190856 44033757 459745356 659377350 540550491 363604142 372323095 135772338 459124819 134886390 404374111 219346591 575315975 606515609 300780682 3935577 202404730 731881 307629501 766574455 984875615 720210044 802208282 735250202 753813742 ]
[ 582221457 463962773 48112035 904985808 452669873 764383342 1044291887 283569037 423963307 68654504 195980816 531731638 405434923 60386312 69012626 886384713 352779300 855375075 98809679 490239839 1027583228 164607267 210393596 897150392 21895297 321756783 161654745 103800821 761487573 577829078 872308941 776030245 ]
[ 66896825 805635492 404147996 188495271 46139672 536190178 425345696 484868139 123289007 763926459 799815395 447223879 226014535 176500197 316774205 21969188 524917024 192477832 578273787 582363620 766545059 1066471707 141581466 825930093 27196252 971785585 423965237 534982420 291505815 996485390 503699181 914317968 ]
