32
[ 523325216   60003985 1006050060  359844766  972745103  248182472  339775019  562949671  871377458  510105766  306729901  791897641  713741129  762244673  747325976  272524478  752490255  242014137  696640681  894730775  671239618  177760308  628519641  929735487  327080983  725216331  311726104  872294243  684283839  600441813  302961230  405776960]
[ 706994396  782701431  178875981  782188837  691330056  559169054  796098159  862282737  993558251  205793298  389435053  834733532  645523391   65233010   82007740   90921023 1033564081  838015864 1050368360 1001238604  945843156  649470654  395616711  678343403  806433365  381708606  807948278  871013204   86632171  881760775  487086079  227001267]
[ 348613160   49229719  617744454  778960611  178694466  665009118   50119442  248337755 1061389298  867887572  621475961  252758779 1009426997  179968048  516259531  317490430  940322808  177010289  862450265  805663132   49861745  388795802  580978490  972289589  356480271 1045455960  589589248  387224047  164818995  483792611  447110174  919702927]
[ 310603731  707441140  557048765  755554041  681616987   31784004  806840875  897716122  823787911  992770029  844649389  889946331  110671519 1026031765  222772403  522340535 1047428817  176761916  615493459  314271118  603706089  432561608  970271835  384934519  271755032  126974781  861200632  696279403  877120447  996384504  717262096  300303933]
[ 353267799  403167854  587912432  705004697  181382680  556609203  264932644  296956641  201617688  712201424  863138218  534543733  433831314  841198344  599673818  940632490  251327206   13680079  621187988  622132029  735736833  259675593  864638576 1002016376  576192421  510574643  218329198  806033581  314701765  689646944  881922323  702130176]
[ 810346065  635271471   24703150  483920315  260549605 1050314869  560184788  817290321 1045173020  933664137  353494316   61377881  780782212  957956235  818291703  385764339  171063539  738140784  664022319   63237716  166539860   73844166  439422916  579630663  384441109  886080766   29896413  206475328  340251372  590915077    1319492  764461134]
[ 163612198  911362877  223358729 1000295681    7758352  260138814  128299811  632228293  373046816  385534957 1057126544  282010972  322061632  819246729  598325504  305260985  438038547  264815581    9656300   70060073  736287894  861622373  661386958  679510749  974810408  131360344  281434150  258979096  540775864  907881033  489417661  215679994]
[ 239583735  632460794  871911553  554432980  629044662   56406740  460011039   81871206 1042542276  578892611  765338150  192270258  917570456  895630962  854684378 1033308530  355880176  829405367  441336458  488250611  884457156  829091219  267045277  997855809  479916158  524523272  622160357  345446817  673351799  628271866  256418916 1020110652]
[ 686655889  196345688 1043399518  975281496  410694712  407175944  444484977  679508111  303536306  780474098  819214637  790486082  504996173   27589368  450195500  989934444  936770048  537312943 1029092197  599411842  771033914  779103203  115913582  569818036  239605646 1007118667  957772288 1003734327  644120567  241547601  877981306   69285045]
[ 898189884  325561230  695224554  613549945  480878444  313392645  962833312  799620041  439564595  524780158  528279755  386157569  419108883  560198562  173276629  986901240  246822790  759330176  179998463  630029944  368608163  926266153  536402282  761960343  984808463  710679010  225814463  505954499 1019449835   11902236  497447687  810640743]
[ 703541204  773494256  446502650  645064795 1015099957  623509183  517626768  676336224  874292333  349775831  230222085  604767256  112958039  277693432  363616149  767992491  762920100  999873179  116693037  672145911  772038741  637864170  904406640  670025855  306959074  746707956  580402733  327280558  625742540  190489757  296926660  339686601]
[ 812688889  635710149  686178713  671985476  816508350  351532617  265268278  350365890  914758257   30575825  354250082  418527385 1070377294  611291405   83730915  681178211  198761023  107938280  341408545  383790383  718764970  777753146 1030969556  235420928  720148930  850141832  590772578  593130550  679266485  964868165  759716979  823474173]
[ 778901496  346236220 1064672274  411674589  317202134  671059372  310861375 1045967942  426841231   27948347 1030512537  630005629  897020130  464108657  365570160  979048511  608655207  152375933 1002507551  689724182  713930719  814077513  714166163  624016325   42207841  351218649  786564049  952356997  191326682 1017392503  453785494  707672068]
[ 833811272   69773120  348086020  640703565  530475022  693078629  263721185   58432563  770791105   57314380  345559186  433380058  453074335  831575142  102685270  907582374  784373176  693141766  573297166  113093605  310946354   31523113  252810564     796109  245418210   65784824  859341627  849224977  680087563    6740673  402338798  616432601]
[1064363471 1011979772  908971210  856437234  147622600  273838206  945549001  371056416  808469091  495079937   81243774  964078208  719910747  298600953    2033446  817059256  311128534  171215206  170181750  917184759  941654428  377661244  424619632   13762779   60609979  620329049   42101565  683156603  639399495  623077127 1001393061  872188284]
[1064788307   63845242  652810074  782321348  489123427  403006536  922065087  386021843 1047553226  527975150  930920980  682777357  452655283  149446903 1018452751  865247560  699097571  738781690 1067406882  508018243  920465906  956745262  431465916  719534799 1042890715  244224136  377361851 1050255086 1017163291  498655087  992832318  848506100]
[1049254405  408418939  276529704 1031836395  102722464  312299371  856249704   20549133 1070680113  909722944  325302586  725741946  301967503  245294034  874716081  620417404  818042903 1040113740  219264848  456836862  385341754 1027869245  904288233  337785845  972689893  430369652  773264440  481840562    6101424  762874029  485249414  705453686]
[  42158020  588625612   68275071  393561470  529388120  108413147  764050761  363891625   93554115  935744032  631631639  772513403  834695738  110499495  860005911  650504280 1042473707  108289888  411785962    3292674  652504098  447106930  806617695  115540722    5408444 1021878151  885638614  685171005  546956209   48755519  351184990  688222407]
[ 721643584  770565104  186108823   84698330  734704978  554242253 1023223021  934285791  832378393  721445211   56347977  341698934  136691567  341174775  739912213  742297559  450006674  109416359  126335667 1029678009  715365502  451896267  697995020  623705006  959543346  642191417  577973606  374232084  257047038  739855412 1066804128  685944937]
[ 427179406  512181478   99704737  624339973  652931147  212289000  806096376  722459517  754835295  542282558  858450665   24518918  976031542  523463847  413247097  131943900  406619200 1034716719  138239246 1030682046   60621663  169741235  122494969  504264809  165548079  132396726   38601673  654406949   69108833  559542412  838819524  600161292]
[ 455364967 1001897639  395282470  600090781 1004958139  901591677  491966157  618357661  959744824  804953331  761280791  386992298  997674882  586317579  107423854  833092786 1028943012  841957245  522787001 1069018007  868321162  339428352  509894029   96657059  731166873  217066624  265686597  901429437  219602263  586629452  379663932  998643503]
[ 269890226   35747357  480367321  159194404  510051508  207248497  656164112  522783668  653496752  850358607   22443774  566610183  623867830  702399996  567821636  116621453  636063446  589028775  395680409  946436056  515246199 1036895069  280953885  560653714  622087621  726071553  409383863  582239913  544066969  651801566  217081744  309069011]
[ 159889744  213788524  757333147  244161360  201185253  247471681  970276382  551780887 1025937153  157690728  787015223  736828671 1057578426  219471249  401594655   71811157  787100528  143859315  903817347 1064273025  734414700  598982611 1060547891  924261680  298553018  109877186  271699685  990529983  562249932  313927569   46623968  913153272]
[ 447448574  370721182  654825272  404055804  931465030  699828552  200500124  709192561  452448305  150289523   45236602  801555030  219730548  399559746  621282100  975559339  173490712  119609654  171157709  382924054  727715165  790818298  952688480  853849765  560385170  428296298  158451158  869760349  204456087 1066759593 1045600565 1068376356]
[ 377405766  385172216   12283336  160075979  560227313  996640670  638610495  919029243  529934019  508941115   64483070  566699631  893450063  710849441  663773711 1030789988  363341263  988035390   42919207  290710033  584488505  714000400  223632114  837585166  981326941  444077060 1015143820  297532563  956821106   57820751  255882803   50305071]
[ 896343894  119984549  575367594  314136797  528629573   92291556  972653836   88052477  578484323    4425776   35747776  193418875  251386248  965789166  224956587  339162861  224324444 1061320469  447942567  570300567  556677616  607456451  715826426   63199401  723667093  254909466  262393490  361648571  760756362 1034756436  502685600  958832360]
[ 495263168   89397290   65123963  589154965  396030227  458800830  259194388  385170411  116428870   49956806  320616605  811412751  809126190  124090066  849273740  530725789  948740795  401396804  148736026  494393885 1068519935  185631544  716559571  861035890  302890930   95233041  221354479  116835642  697882628  588694419  260661657 1000375377]
[ 133990152  711581307  274753946  727161860  784392326  417449808  225458526  375667044  899198288  584220066  218848256  875676304  169604143  832892883  139683190   63097938  654704307  535893926  100130748  902486758  822568585  854720494  963813807  666045188  724617166  635296414  922459450  901048822  689570792  105950934  893080668  933993600]
[1053110264  226223729  181985742  360205953  818204225  790170122  645912105  376732333  112416391  444301032  241437232 1029970407  675265180  859095075  444535517  235148635  487078059  597279831  268770962  963084103   27497454  746562470  964603491  770774406  711044404  293758420  630385199  172977872   94924339  423886521 1044134004  944888235]
[ 754056279 1020527889  899625335  485198712  843472227  314801442  791420460  451087366  669379075  429143638  546693005  175509714  627854709  887214840  190797894  452920147  118369846  165435318   93014268  505568452  740766685  500851202  234558944 1011858279  250327734  112504477  574609027 1055796261  837417561  611219734  577754495  674603160]
[1017912613  821001853  968474526  783926017  808245783  439222240  621785362  446528976  138571176  811731989   81765280  876842642  676397639  174104583  457559666 1013987976  278250088  840286900  951657234  552335166  614189053  145342632  813906126 1072121772  448693391  972548377  711251390  421425732 1026734026  818275252 1022858450  736158398]
[1031311431 1042980766  225259289  988089251  793265210  380911696  761164750  751798693  357506987   90575904  972044600  360968387  991882905  943955759  327956379  537939275  949321887  718611950  419968546   50511832 1026498728  709745846  972540593   89382193  402516022  478470712  185436673 1027709582  328341460  552703530  222339017  894857740]
