16
[ 791686327  797287012  972807623  131117789  132929615  901733844 1070149525  393847179 1028729600  920817460   86744973  686703185  194169653  465974381  718015698   94840807]
[ 782232077  656400201  773488178  316165583  915560136  719967943 1060245390  383436977  217716162  570919435  759935459  575272432  113529634  723776489  873347019  653021006]
[ 623409453   71898469  767667701  888180048  717482714  237203749  309656477  645999343 1009851051  110209533  201360535   53185796  765595902  716171234  727693758  359539476]
[  57268568 1040811184  425685017  984269760  693952545  644525769  918040722   47267779 1029104001  532170121  224123768  466797317   37143295  694621092  610630670  472517960]
[ 432962105  237880172  863666568  515362098  982521866  256346524   44453430  611751243  662304738  240737849  894271665  974636736   27016112   91352591   94790700  550221900]
[ 395961548  733349255  561020147  855895243  993074370  159459122  923758136   83871060  988914693  954029945   95825191   48454166  671535712  710850818  626517548  349074943]
[ 401415794  472949501  542960210  119509438  268620182  761472538  365203686  677228737  108085156  479372805  367665761  908369641  530626470  729818462   91465296  842707211]
[ 559305511  204034764   54968939  610698499  305187393   80479977  828036611  751272682  474582149  583727728  836826967  500565360  142256056  248109672  786672607  429974608]
[ 717307316  991338662  703717848  546766931  307805461  125708255  449054852  583336256  634228957  407068881  563090039   14871731 1041728170   12865317  231909468  389258709]
[ 115199415   57612932  435285831  264909464  902404384  141353064  602537157  257990550  554724945  295754899  590174439  721380658  358104874  779190775  862832893  622988050]
[  89298950  600815902 1037840063  117416737  937278998  385823389  549076593  985850633  863092423  336264492  760711722  851680720   63816944  641467340   61185912  831818423]
[ 659586248  710737555  146131599  682428997 1066783368  729912207  575639071  230196957  967700335   86895198  945935032  530349820  934683234  625599004  398170357 1055706215]
[ 861739146 1070092970  368839117  486803207 1071234653  708858278  438743263   15004121  476585697  841836580  406849586  694347002  506112056  449635520   11110269  623572561]
[  40463578  195236228  417593571  534727143 1057309270  486805162  629937239   10645214  778238499  693262364  449912230   61541756  725901818  791259006  380680252  194597566]
[ 243946300  132700613  128910127  914922478  681948695  921294794  867155076  684831009  937303201  779891038  679822531 1058908031  775713339   17763949  631120424  572525206]
[ 434645720  367693614  707919362  667507156  848191597  181424821  185403779  471474221  281898703 1050668638  261963629   57413212  298700356  249007281  126950797  836920595]