64
[ 74974995 475516589 794824640 732237730 782329413 114351041 1034427157 816959216 578243748 586267924 190136746 823188688 803632900 458765719 472263559 67389261 842088291 34945070 672871806 623553909 632358871 481336404 1066278993 980150036 203696310 103300026 592855758 903150711 136563648 1017978336 555045294 387107381 230785181 96343735 1053388013 742768382 424171307 984136081 731010582 741143300 804808313 910228254 148395257 786217950 500240987 228645349 586530220 282500196 132743106 313091405 782822801 228799661 420479412 27669563 679704199 927785562 281408950 536460288 1004959900 642958121 831309731 606596511 1051421419 1070490395 ]
[ 454882461 960532200 888946345 228010610 95390848 1001771605 1055193175 188644770 581153431 83165249 1048236637 784235403 174618301 17305600 701030044 424945676 911738982 343551977 476511625 574437593 818842136 124954483 965146684 717217264 341714137 611479630 607665440 444154236 359245690 473332039 411480329 576673758 1070214735 210060209 87449447 635452149 990788029 579050974 237758299 116092818 850494784 239031113 129535337 1009040945 1049356708 678369158 145356858 1003877063 789687439 1028772500 277112576 600438139 929606412 160648654 266610744 997657426 157667339 841203904 890819799 853744090 822387616 828891274 635865116 543092640 ]
[ 266779346 578842098 646873638 960016169 513350894 326890959 359431047 207579080 405349027 937385275 638145878 540431589 756217192 640305668 883927036 882278673 662491072 716977797 88945920 1006395174 1014778642 86517880 655680927 899918934 692442381 346761323 572087304 182434284 818202777 1047545673 723656726 751977673 11556300 113035258 162536429 200144630 860710256 513144155 992211116 993917326 71947047 858125626 125469226 214676967 18315016 614449122 304379595 230317785 365558078 773736845 481030211 1051528871 195116278 119607758 621672410 359921455 903133178 797173167 514107011 810849318 523327261 820151771 315034554 299015449 ]
[ 826394140 456167316 719551927 587413288 891595296 464899692 873529040 475257928 858258594 419963867 584307719 55957030 728681173 829915870 316052335 409330276 291932333 535011351 1062570557 411226742 437038450 452061174 963551173 411015563 573741504 764734622 835495178 716742980 176119244 769819899 98835349 781431512 301254222 251657423 573070297 931902442 316162819 228405722 219696829 1047927961 621447851 390001477 322551384 115323279 701097686 540343533 957046675 602383024 1043788056 648832783 752071787 834289532 892738529 860474183 532152514 924178156 250605588 236432041 756895727 407686918 979013726 448684204 578580771 293158985 ]
[ 749045466 476858381 800460879 273363196 659823258 740262832 1068884642 696704635 675609481 46664604 818266149 571889613 258012465 431792182 160900776 170700922 531231101 676736075 154923703 632586062 361054637 302604031 457303965 579205503 984181061 10256546 1027039370 528424227 734422575 288907396 964343843 950332550 808101247 476004648 456586627 392484325 166179373 376962440 443610960 51506518 453987371 658319789 759802802 605837964 1063250858 676742548 77285569 285219874 1042675697 938183383 947012373 573850182 28139189 924248305 51768560 659759923 314276629 33285665 32860463 313813493 996544055 305249508 371537612 644807678 ]
[ 24020711 1025720453 1025660328 503332663 383375977 765711705 1066315305 66966782 94327439 957470657 1058146188 879965097 142927282 1048308277 994436927 222822691 705663660 150747657 14681401 260855221 1024280250 284268068 835423179 711709859 4578950 789649354 717778461 248522725 310094583 255774853 775896716 922396808 997201174 167784569 1041616555 76402567 234375967 336947033 725030956 799470384 595120853 892536596 361068988 627011705 524371994 476771692 180338299 50244907 141407785 975265676 745967942 684377103 610512705 670750633 567043008 661744423 162225690 307676523 956593055 792540204 210016062 194564126 515800876 426675471 ]
[ 98770106 331808838 387915572 218102580 800188811 650239942 330339867 959213080 181176859 1035219015 152382625 857198892 603608057 742370970 142139096 265229838 60331814 246612320 1010065213 473136113 716676023 888645207 505252661 818663302 410900002 1006746758 965082467 762113050 65788717 400643006 367929807 401184157 361182143 833053395 550512976 742793529 59102325 822952196 1020305215 756108271 618563258 957934892 165884890 211922779 193282314 505457209 887847613 112473871 793177333 352572578 227692662 666668835 493167722 252642882 809494054 1014718180 714968616 907759874 549115675 1046261188 848888517 844381247 672075347 14654943 ]
[ 440172632 646188971 167598198 343246540 1019227920 946953101 598666337 723920896 859413547 741027152 59691075 630262533 891767848 202947800 83463124 121069634 880880884 383530954 538351228 529801232 726484836 544465978 504842619 959239825 762629540 274951744 112026602 497742768 1073124335 714439204 670367916 703190645 821185672 79047703 471474261 14774319 280652106 107880915 274146573 717816678 774438609 455697259 482519177 497786396 904152361 825473477 214981955 702377665 445331562 97992457 46773764 779710733 322131688 243511517 573136675 896391456 3027513 130637959 331836418 591649217 732744099 523008791 343936695 265895985 ]
[ 829256017 985220253 151453703 263252248 430149303 69569261 656323542 984885521 141170538 470184033 63522939 596501643 2893618 937946554 349521783 668261350 903593128 77296563 625409081 698335071 144468614 874993122 698125561 993649445 505850375 340797991 534124820 873021475 1046060834 993875151 706074603 108995528 216514779 816204314 469310184 885753186 176971612 2667447 216912488 66773367 733370573 579576680 111209125 513167649 593069127 565947569 963292785 746342190 712785046 408774909 422923822 370988157 203001860 283596088 1029265164 1029542655 209410989 456107189 653991256 517888734 1038925099 955221189 875780728 463029783 ]
[ 788439891 123557792 117676528 738984256 755199097 850835862 85520336 306329451 718587859 11948283 829369556 283972798 215861661 120554651 644758066 567921760 515356441 948871908 272639188 11419155 95244011 34477317 413577782 999600125 734489788 95168699 1053964957 115854288 615903208 223279297 230326819 87726424 901041804 885093966 450303727 661211415 423951872 354988932 700714601 816407230 808562771 8683495 815311785 125684836 292760011 356022772 864405188 454169376 146164105 219531208 171070417 694573470 859565388 91835320 423029134 593122097 517473475 208544902 463609620 385151767 893968534 458077809 64705909 1070940095 ]
[ 127178965 724319322 284731065 69362373 449888581 628943050 220915230 310119997 158127795 884077456 74510053 535633332 716288683 964071032 967385418 277808070 733863204 1030377688 126781524 212763226 361531 490989499 407694831 321649154 250050519 132259470 1045535818 73936806 512403889 641534078 713047286 31519695 607978846 334967008 902028145 336419475 609160309 460807390 1034796444 365129882 474387722 1071467561 314104583 1003375303 729198246 199189127 959817762 508556259 763920705 259007771 417886866 66868551 1055432883 509807994 953199693 909439550 50436254 318284074 645672305 893308894 327753899 718526228 250634810 282827268 ]
[ 539907413 118595105 790809199 675831702 1023305616 406779109 128900421 661922935 886980551 319768125 150458680 108589730 6635604 139632519 1001383922 709995332 779297466 992714808 1038526432 469020077 413665926 1046582090 755132193 323136440 668991337 56034485 851777690 1039098136 345467861 130480822 386835360 328784281 911461408 485926697 771345243 82124113 1014060266 6192984 731261551 168935170 339935077 237011819 165501878 48554235 958248448 522683983 617530150 182727683 1029770049 872878008 937430269 52527920 515504194 645160887 543550924 612177076 272763429 514279895 452138640 132348964 311418709 16145710 163120581 857575070 ]
[ 216236864 839084154 68147908 642934280 303268861 965325360 301627454 832539251 1037188241 876738909 734113753 801632255 25229062 788648485 429041312 444124747 801099947 733360360 734421586 33656103 864395044 595625259 101198923 1049787868 113202163 559588096 294808268 229743352 1010833132 753964156 109733504 467715284 620513658 323107578 626575674 1059983790 126664188 981535793 1005573212 870969026 732368308 52084190 394762985 656176949 566759782 690394559 453049367 689259788 621032457 76040308 564096358 1032734073 62602504 560212130 940140914 647761184 729756653 910910223 801602632 727165521 423792417 260183523 352135283 695526929 ]
[ 791982829 380348600 810628366 756097852 1013199044 771168374 670386624 553576658 744203351 581401986 24640323 1068820315 146770378 510527667 1033239948 301712134 356568560 387553402 883782034 74118706 902282100 1067022232 248138071 795255808 204731337 360800419 136735439 690302330 1042925226 21033869 948711735 438491666 772719655 453753434 645463493 24277363 1027839523 115741742 108677547 228876842 788270705 32747352 890353476 545632085 24437444 287071695 737788453 629021295 173814487 482541653 848484388 848484430 205661519 339957725 931384431 544602382 429467323 744508377 200768529 919046900 115702473 160683777 207265188 183858383 ]
[ 672614338 136434388 105483872 838205085 866405326 689670464 97089441 216603929 496160266 1028642316 16867554 605678100 440625107 471137244 641150723 193500681 540918389 989422302 828109911 1040743392 110764917 889091358 275908641 666570595 859012646 213409965 957574754 286492614 990647071 832050504 433456831 966361316 952669516 803755076 307687647 503454438 88900030 919194589 254484724 73252167 1027292748 153551843 498040180 126357 320008407 983588782 553652941 466703874 811029155 185651184 627606164 149014763 1015221554 116752148 792883467 546371259 775315046 709843963 1043119260 381681214 514441127 888493086 214048421 492632125 ]
[ 864454464 1012170371 428231181 866142357 696876236 133465487 42480360 758326787 409645874 206022946 846465429 877243949 761104251 808098446 742131326 417119598 214337468 258110879 123816594 3325246 142805886 945974947 606385339 557164124 484002680 255472530 165976728 833089016 356118920 680357899 427067909 106205826 737389149 324412341 974213378 189610361 1060157335 891289087 483722455 502333467 252694077 255470751 659246016 45181997 607998808 371641095 495991428 221528007 991965739 165950318 903019142 43238510 804066751 102299269 462533725 947563330 615988445 710321746 906534202 509176371 871067712 481595406 695465891 394037028 ]
[ 731742093 298784660 585574447 548653008 562379840 808215243 470275758 62323618 36748160 11669394 532849190 949335779 235034141 935840951 953620743 940789638 952228287 953308103 508255373 51746151 891637298 731945493 976066913 451988565 346654886 811292152 742364411 805180652 187161924 263653968 481394079 67604746 195312989 375496553 767433720 3774538 1022519356 34105979 524826340 804253434 95466669 648225937 1049645305 303780794 378199730 203488794 1070228694 4944536 717880794 517906578 486098139 954675222 893789656 965665011 432277665 324543719 533028504 948212535 831476499 374458585 808405293 258759762 21706011 1028299992 ]
[ 856666735 989496449 747630129 962618969 959417096 841460984 101403573 785092163 1016599708 415954195 760498459 868043940 316684165 57679646 44208685 708829550 653815047 798386446 425586971 31902930 707748499 805565950 7619151 707441249 637753334 887462778 954881060 700179607 880000080 626113006 801202418 1034007715 508619640 395446773 983678973 822729168 886687045 892222479 233110888 750267704 1060923110 815411654 895861448 735192988 426920568 514236484 520998676 450637190 622023316 432509324 7339517 862568603 255973478 736796408 1068440871 563572360 78242048 772782283 763163652 662500320 324100564 19121536 735773426 148651704 ]
[ 343148825 320189296 695915440 714112387 472192085 108231777 614791076 559522421 928882178 981651302 55437144 778229179 683306652 623611032 645425945 10664079 576148328 561824491 605206540 656665214 455901097 100614550 526174059 657318712 922187431 733060062 1040206988 213793874 476402696 700854231 809093149 362656125 328916260 757558165 803179327 809176545 455700504 194844090 66798218 257178964 71425982 332166022 612576457 549935754 695575500 590463024 839404559 392735459 937144548 222738279 262719043 1031685844 452016535 837514423 385300178 824795296 434802193 609023799 595532923 510801939 420908623 427071296 347373610 197850557 ]
[ 90148682 1023657829 308670040 228246867 576690832 179255274 926749516 312796103 221182063 839668924 869502773 192285524 475917834 176194893 350389137 49357725 685126210 154854710 582235243 128173163 510744193 728436219 793244803 1043331716 49236233 399960347 487836925 708618985 48782120 1005342018 1028363458 84590947 92267522 531197864 711116204 251813132 297832057 714667751 58533668 771073813 643256657 92650928 172675631 999109512 887032748 104693801 956071145 130682182 897187148 123490728 258476662 285030247 728713366 438438141 811319024 1062102270 1039243737 852755145 1024953987 996857332 829729608 884720476 870761933 3645990 ]
[ 116551750 288212043 453544870 1018301164 388064744 46148845 811143457 863615680 163170804 712323218 643017759 719774273 21482481 320629320 231289433 776197845 628468001 731501988 1055227583 532221547 313314061 522251015 550358517 1010589901 576975161 182888996 1042789090 837587036 544156230 234795208 115306233 481657872 876648212 1015494993 453269454 126290453 579604538 1063293546 103379078 593496469 817835129 707676994 879894875 79931722 475128628 1069929913 649249430 509206552 671633600 207612932 890026057 1067386373 968956957 454129706 885475350 90774636 948617604 312606986 644318495 262950661 294423495 1030718029 394353375 850740154 ]
[ 970588089 714737275 368629776 857451458 394178072 633432561 711051662 40627561 544392837 253844134 617979463 308182575 512082207 909868242 337076255 629424126 89694489 963927101 44450348 375231411 1057628516 379438131 284627242 99448154 153785681 562576111 745386129 57134226 646804905 549419346 572163131 167830691 539944075 512678147 68271536 522341475 560514421 656427319 928869759 31647011 616179825 512623423 180678159 15402595 641269902 855573835 196449565 496977717 499987154 277226062 26486417 73959554 800046019 542837116 761883224 228401882 765399558 54401306 1049863791 171317480 390399470 7869754 775443908 918887605 ]
[ 123312051 527275790 523738839 302182361 408359023 361332988 1003701860 168004139 217694427 986063672 740190939 285916219 577988393 46640004 927754379 763956592 455868930 978518171 910389761 722740032 969387788 284518884 927399297 216032643 356172561 496153908 876998933 348473811 39802811 170246869 222135730 363528111 735136315 188673801 1070387773 935735306 987551393 650851157 10501355 267994429 648154849 11441943 396338925 748595660 873413176 515911001 325049352 629019170 777016541 587274896 462712789 450992618 830131434 733205388 761432552 1020619896 148259080 456262438 63949471 155370642 618059449 107991115 497964796 638202988 ]
[ 65503838 141659324 574774492 189481594 816572911 569670315 295609464 59842186 313247295 341314421 266301532 215048345 743165973 221062045 962771746 408269805 268091886 199327648 1042559282 355509527 477096589 379470135 261344864 261665103 870039998 524818346 897218880 211007697 592792125 927306544 888302111 516633410 283136410 63964934 795427644 413428860 173165319 1009707251 675796576 6763851 224838235 234425377 111580626 315061392 754113594 1061213093 954887374 241863311 456020470 964879289 670004435 1039665480 928045651 126860402 98281083 673254157 597008584 648975549 141890018 405009893 489608129 996670522 878014631 328828538 ]
[ 559205033 149601907 275442555 868206483 131515913 589386432 309680086 247314203 874291819 218281291 1025914074 950065143 589899876 733740426 601924135 1070534920 48742550 320015449 234969617 467021366 158817836 320477473 112819369 25157908 132530626 24410252 274172210 862444381 513987863 200036336 815591561 360136203 471834666 595802936 450199458 885585474 446709545 640479918 390395794 582176257 568746247 382847250 264608311 911874089 1034966767 450329766 365519537 116167761 565459921 795032325 718003540 705874473 194131334 324433206 810374151 1049084913 444765120 493470137 1048143077 964853068 980967083 378620149 1058262014 349166058 ]
[ 318120117 676283068 455152002 230218489 609309019 490166435 204551187 603071700 1069888325 752013682 707247421 926744319 786801774 656288722 345879194 992691937 884270847 783337055 460450468 375258270 102631952 1071844125 931038626 805149327 773799453 255698610 948479408 735132360 716429351 757128205 884692531 280883246 957833696 129448454 400628001 391203526 156994042 144500118 162248562 289589948 814581914 28391443 394771404 1030856192 531290631 827767794 770093740 798458542 664205828 749929226 102165346 681618735 996790280 354716225 47313272 410030577 129828233 544095807 102361651 707781364 818638789 640176920 181497677 1050946842 ]
[ 790539348 1049615462 837762496 46831495 129513500 954324314 956274918 711708334 679332014 1031849800 588393073 770902709 822483365 755135612 195389777 145955091 707520099 542903917 750253611 325512309 689878708 220920298 671820794 240901133 360429078 317137873 634023311 992016953 805835537 995293447 523538699 125425866 1036211770 54546423 688200844 382182216 998319085 570230792 954203058 681563440 219818531 791729891 501209283 372952210 311180407 246471879 496608505 1054369396 1036475509 411793956 536925060 361245304 205158699 713487775 344466270 816556277 754949549 925980654 1000140182 443224616 1001464606 300905180 943349189 269621796 ]
[ 327608214 263261780 216776775 464129640 995587325 134719267 565091981 160333620 960765852 799191248 794929651 119045222 757506913 433017966 70140840 424772971 166477868 460572278 650009192 60411028 83584593 273953677 603543043 294788949 1071367834 747803431 35245829 68566158 822204781 928985892 868647742 972258204 811981766 219491570 942899584 418969638 195603716 659782225 302505179 869909241 579834396 903005814 78010631 679518310 77764440 846662558 55666315 939323555 405983367 1047373406 235105708 354568700 221797093 222676398 934198955 566903731 226557479 31288261 198905937 317816007 764462498 654767656 794747818 717214244 ]
[ 95314159 626111146 844483135 375634011 925584443 163888356 177209058 559186857 799920010 786685149 229392098 482320751 396532925 299626519 180791451 112235506 358126399 896847748 559002075 102713141 247072194 968887176 649184839 89203130 719319534 658923326 687604260 1027593828 457976869 890774287 622891601 969166265 637195993 69398102 156728295 801831822 196735560 628504951 611383625 722852179 703016983 433362150 127332241 79456684 72227248 1050038609 711442612 995072267 707116799 1006191358 524391505 294422358 442154769 774115997 496673291 312554897 668238133 784425854 917670151 424291737 1003896443 754159963 1001846742 593638809 ]
[ 785515013 926275123 508336526 8078394 212717975 884119471 988533047 595334150 222908128 446750301 1062749174 306419585 701072918 204531746 328958434 228060658 917002692 145338118 699292069 613703556 655850408 407259852 634029536 300909200 607595154 992726256 724513852 716456640 817805349 979823272 302816295 264349525 47734149 837253465 534219148 418548294 723034581 682477468 424986947 564274448 1040569120 434418122 665400024 862125032 938416251 606320764 534517706 493999964 845840992 103279137 191252122 292482852 401218096 494789805 397252082 294679828 632419922 443850872 107972149 890113965 305391868 105286905 732951455 672983956 ]
[ 180779076 499401547 811727226 994936668 659645969 437060856 789713254 181932554 671888360 537075408 455601089 769319356 298775838 806554223 729823812 497618956 935066457 132735831 718462685 39479183 445726085 238452358 189491331 896187982 558760213 860360589 787580443 1038427332 1011840946 262526207 293098421 1033691296 747377445 558502678 131635136 762485813 676613434 121287516 168230539 350512108 601027377 718941373 1005150284 395850421 1021826281 101147109 791682038 844374873 235774667 12507507 424628677 703658778 751519817 258099043 160748633 723825882 493108315 91022471 632862264 788063222 405480656 317174125 450620409 781407229 ]
[ 223501052 160773759 595537091 1001761528 609248748 566060753 951971604 546986551 27627146 488200330 827357824 536311628 996055970 911459256 659434437 658919704 175037194 1033314390 856863716 518271839 110731228 68090091 23622209 994706832 1023380931 1044072702 531981795 119970191 788690028 1058721471 218953947 945918866 331611267 410562980 302268145 62643579 483778407 100984442 42823882 169905494 910523433 332550087 630207715 959149393 791766274 756160538 43582329 276615262 790465107 268902386 521043398 883446996 793544351 817145017 965994989 134970292 994078883 1010535306 968655227 905929860 1051795100 360451625 932309647 9216304 ]
[ 548601651 455859072 266245596 739970774 175245932 706551888 316474702 423082214 241915000 752806477 744977890 355440968 514980236 706412646 927341167 366848388 619631074 752286494 82822837 510447988 322291534 388312597 1032713411 808679189 683711209 37114349 489643193 645945730 10038390 268341786 426080225 80179745 788271863 70783331 392061297 1058755706 722453771 778151393 964480769 989941924 48785439 1010280376 914574222 7585947 969938245 596753541 96989903 672298982 524537994 966510516 662904061 1040361612 84126145 833916951 1072505024 917418064 905017256 873793861 657276647 636768287 557826316 369020274 334689772 129166100 ]
[ 960139994 295956265 352737621 128682039 900418882 226639550 782205255 420768227 679905589 427481315 360120065 739670817 238983061 777770146 604139921 22402153 444225040 993051632 55314498 1029058996 115484884 202761801 343381369 677398332 408633808 923194641 374559315 567999828 252438334 161717089 98614200 853633580 708287769 293072562 472955861 957318005 511497535 996114026 104086036 75276663 283799900 514212254 349424217 1018261872 860855946 673117449 832607445 307901043 752993320 696049832 1006950320 83251014 437709626 951357858 686268602 45308230 617754133 805789758 1011596112 301178547 729851077 984734890 776980346 772211751 ]
[ 13624811 159699459 887499240 51056538 891045731 958802611 487769427 721222194 905631062 920573371 358809844 495302387 799010877 597403476 327809390 476231771 746733746 85139950 13822259 124637916 568353203 586400387 522629215 738762150 913558523 780867937 82000234 225854165 144703494 134962928 987335526 305900425 538584921 261649693 115950735 396936423 762650083 149028122 74463761 618701957 242244138 1046402766 627918570 475814003 400598230 400914104 256509173 35681998 414976049 570810027 783937084 414319988 429881258 555325582 68037699 525867741 88032510 998388809 660012158 565872108 538832196 808191887 807554992 629288069 ]
[ 493860321 390739374 1046197388 28902644 215246932 357869768 409771084 24716323 340129490 434892588 764599045 814682439 698780266 850083635 637586714 827632261 268149475 693372673 479190923 627041446 864781200 479683207 881364443 604499360 302597320 176468727 62024643 586214861 967673825 921433695 527871717 941434742 245525885 961984460 692729740 910746705 698727687 249277756 665592383 1057545042 717977928 872590346 73491704 668051677 986239402 874067850 721871401 1054147880 74292790 917235283 493720478 1043852332 968934205 719394519 629983053 979720291 833361881 478185568 972923068 128362662 906437991 702922031 404929980 772295583 ]
[ 515297112 561604843 995224917 823659993 48824936 161162005 639180932 898525086 269156315 738367971 452617363 34032394 722897723 983261485 263871737 770644617 792695031 957422602 1014914467 915249476 496837601 220539940 288819805 55439715 217946106 577105484 960022501 306521240 579256403 759364090 1043600404 500509835 527604467 1010400322 626540170 379135720 330221696 923755839 637887856 677726184 650226118 571382331 138627746 414438100 315942732 696794434 886114256 831885270 937117839 799321190 685184631 510235915 331383660 410646881 140286489 440583135 527357154 1024874728 463021556 474728893 1046949654 357669057 1040318337 14164931 ]
[ 111327170 106305391 850194020 958473158 1007037120 765601756 181378607 525113186 841333733 563233646 220317827 939391773 709224271 251359883 1036397047 614165514 990821986 739756306 982838986 388416577 394190861 337118381 933909587 701961545 432549984 452537038 339756003 671416161 547699055 77050094 554300068 699039262 367119391 204152804 481047767 304701721 1012246461 597196578 111365590 195441699 300557077 452564219 1067471592 662711725 989887484 955587880 771151151 84867415 909185725 186407189 996760729 346285468 873455779 940104268 866622876 167893212 787530164 1050165379 53243411 800011533 337487286 53031656 829246689 331696824 ]
[ 983612291 697262655 128692353 323675486 87396043 546475552 1037572 186750545 483944654 656033241 8815020 633637764 927802626 523398572 24599468 835376844 1038392031 838995863 820201482 758848418 543538069 207489876 698913907 361778623 289265621 646398480 915652366 650962157 637347069 50832239 181824052 860443912 807174361 324730384 1012114299 553864123 596131440 536762220 975159703 395267873 367789154 932796486 235829276 198266681 188896785 558905009 568439842 703418585 400643928 986699956 859715412 682829312 144815155 95163016 438207311 107623130 140807458 728767238 754711707 911169175 154330191 801442682 563096183 234319784 ]
[ 883474776 424356651 611980118 832540959 444879062 1016510113 991675112 568748814 978787058 761296506 1011374871 1062576626 156606682 458194262 103145312 89701449 263433731 572120020 460206385 62108492 766531506 779682682 162419750 897379619 1049739329 237984696 1066110743 597834294 767717540 299656493 554246970 810580283 132506008 696279151 862970481 340131379 465955188 212165069 20120044 933975892 438799763 46303924 376174140 296143203 911735639 980876916 490622633 1072696856 1026176247 492921403 251952069 767549898 124894768 586777919 640254212 405745605 257834026 815834972 248172193 351823607 457625304 901661789 32727830 381619810 ]
[ 976542397 317140300 897274239 17528698 61204872 370823949 367030990 797894760 821527757 755894212 919022084 508804618 938319313 826347492 204551760 203879619 324830787 455875122 161317409 845157377 905024140 454746943 959403106 613818979 1026644125 1014929410 354890494 651166509 851133013 622566636 875281387 298500562 355941625 343383718 933439701 490699399 398157091 334477906 83366031 244245382 144951010 322110429 658170699 482339761 104406202 796310740 611901122 190668308 997202380 372360016 534247925 715361328 220447051 5368491 1033647034 770308650 919951491 934753254 59691775 315614499 507046995 246083133 944686889 445870399 ]
[ 467270979 120285165 520510125 213232391 963602472 628095947 593185532 974590422 455178854 358916976 558825600 525225084 517121910 264038578 802953584 374773424 343151903 673743001 596349716 55390632 837138789 129713062 764145494 29686548 559054469 202047046 841183178 330164701 733554717 769578155 32451502 1030527419 819137603 220810187 444284546 975981118 404889330 14090714 887428478 270347247 182547908 600390252 1069736812 574805830 857491056 777632010 625996574 305440048 3551497 735988904 828415347 146711220 999465227 671659187 524655580 139198215 472111651 188798632 325902992 918345249 71287596 502407257 797554678 525332221 ]
[ 343938550 665424510 817147234 701174494 736190887 469058545 915152668 757400563 806714002 1001764301 603256762 991280817 220624246 734923788 821213356 191170164 366656826 309187739 536994821 351230902 196946391 791616276 568535595 757827200 723365319 1059448575 220521931 1046769880 138410912 947119726 61955097 535247707 840785284 107958944 575951914 874785915 96142876 160496375 1035661960 679248761 17892429 832918110 795698459 518104381 397802299 491580733 1010018340 499686390 116177225 10084793 381146070 51668777 600550498 166618040 74857364 178502795 1015489483 605741861 731481976 879240140 331548807 736401345 605781198 516987037 ]
[ 90712929 188126633 804605255 73085065 96357944 613265855 808630534 565994935 1065654644 871663322 1023440 309542593 308257513 362291893 254208893 362153644 1002501028 786105907 421362826 58538913 452972987 829214387 1029527706 476947939 287517774 974907737 364018499 772001823 874374363 1026706989 565561663 533263813 987477778 5726724 260883767 122225311 261422775 807305548 567051340 244153998 101481616 931869796 492807189 612270939 336658981 110947359 22779365 909592290 292287078 987089515 964116336 118461766 388431627 499661391 241485909 271746446 340407249 949682932 468459082 531667107 292854743 65620194 749608752 245776465 ]
[ 937398673 688711613 418176706 666446727 95081218 709295162 984950802 524310827 1066431534 943382193 489443455 985968887 182354982 268233352 897283533 269063543 843180277 579970276 491151548 819166018 336790471 649406354 824199282 585426572 532062430 289825016 248973191 966371995 694597854 561620646 867583034 383506433 304024798 824058326 595929892 960455499 826048386 807153023 74812112 845987901 422503688 164781291 743606452 100676654 786013755 179618065 99408010 830236517 311640075 742941044 660552126 497258103 259313823 984443915 907201393 628378374 1010031270 645316236 5345229 33827651 766119076 424834462 882916642 213909087 ]
[ 641005628 908880375 941898690 616418024 276616635 624750495 270343688 73295184 683374415 832483479 940212752 236621135 458081924 630878136 217364934 143425322 624720924 483594922 1065481811 522212911 490690853 401969534 126101630 1027081331 77721459 613428103 482555546 103435655 864078797 698888631 787402269 318718740 776048384 254336865 813614136 612114772 840944553 472196419 880941154 106932836 249236488 827095309 883614340 629249038 754243323 370525170 292331039 866400799 40379661 160844452 1066472763 525450624 365285991 199846099 113465371 649269433 206120643 559281506 831542326 927197959 626887574 467879859 300718739 368435562 ]
[ 188059511 775338309 585733523 155106701 46498727 4815460 121620203 684860940 572344052 193441770 194591644 496668046 130208866 766136029 568045576 744723130 166216580 655159901 971854468 102452128 910122263 191480003 809031257 435210020 1028245263 1004805484 986667460 864004652 142221545 347323136 737556523 985306662 342550326 15273308 62277569 1024671533 141559617 904452887 66198054 257279097 779227769 442024152 536315270 941315307 341869439 224496083 451976430 700693263 667788666 623924878 952625124 26254231 522926456 322143930 1006529559 232733964 188076972 510278431 258453473 1061279164 805754019 88368927 194169928 665698094 ]
[ 883363131 955730158 670192584 111438544 183865375 932692755 328480035 636646634 641581797 758660786 964821870 1032130698 934370874 485903699 131871050 926734703 298758282 974532883 587655035 476399227 351972711 522224376 327038877 783706130 733849856 1024988423 393422572 464687849 660476769 162513788 1061102550 918468821 319882324 766879080 869194076 682390532 42828770 1012839296 810087849 1020908984 632131098 591006955 1042314352 258886088 868054982 651057622 599326855 550574053 363048875 249445187 1042773588 938875568 557683398 567153205 1028056876 981719051 1024523528 334948561 998795182 435204932 806233533 949897514 573371195 692726384 ]
[ 1010570726 718360694 676164403 265310086 131163061 230231864 821138843 955901351 379295252 1067017864 466299910 145055882 422720009 975798351 805301590 558071827 145650793 516760760 367422647 747620082 554424745 800911466 769705978 352691755 895752096 394313341 678566210 897701723 744193653 875451310 332916281 665590589 629103500 742427554 308291913 57768480 883744748 887377657 1056625205 375980722 164205868 941699343 384259655 907657084 532983621 41499762 627914288 970707689 235230257 836118000 710797343 657564084 332790308 688841328 91787167 567790641 835233886 129941698 468781346 684029110 256103124 477874347 236844927 517271733 ]
[ 703679203 404515010 1012625781 452129317 870598960 953833857 228102586 131714345 721762936 262285694 529546420 813544266 320345362 288077285 103915668 444234632 268505655 87875258 237117957 107242418 221202481 1031154482 498913233 356962995 824479519 682118849 69212689 204373202 563492670 20704536 192675839 258570003 154344030 33645014 251392036 799269695 9261774 561980460 62110144 951636947 624393500 280051186 186417540 882543848 11232985 111861130 572754468 557704508 19471288 89326826 819833523 478585832 514364952 315551129 590579175 329075893 913108476 216807408 1068360558 750358624 528286034 390261201 1071885770 642986983 ]
[ 520605664 520868836 956296749 949922646 737139188 198325987 731201553 766315830 76306474 332800129 621773839 281914601 207217593 366605749 1014232697 703176498 721007731 672478718 211714972 18230109 201108396 599804201 834867983 671732731 171355218 988891465 205545005 763929132 990336181 651922240 645122438 1018912911 125559564 752929275 937212998 126214594 561784683 228085152 1026343430 237072707 577923548 941472916 194536982 290518823 955193 527542801 460121479 931030848 752058405 952781795 587959656 10655243 271522804 758418659 68532953 645222088 581568498 601377541 373641271 543116015 349827887 260277992 819141667 951106335 ]
[ 36131262 1038706090 1002661628 721692268 357680731 264853804 732811642 390252289 760329531 216280101 918048084 516904354 382623340 884655307 430096848 108630083 1045724987 457520172 226966007 933128649 752366974 932839841 859677171 975563688 750008986 614999049 401810996 213619907 592272545 620030070 830312396 147381246 786064220 965209842 355636408 394786707 419222414 856729416 170739321 991752603 545814585 600567148 853153509 1005125356 979858897 456471341 1065560745 587306225 58506454 230795633 660707336 931853626 860662207 1072055147 475222085 899636803 621476326 538661082 626433050 752127810 978634736 761514616 754644047 553441497 ]
[ 207129829 194983689 517546150 622641613 231956800 189499431 50176553 520164355 233969375 852594250 561036870 265036758 199023695 390767553 10985304 817555263 912221389 118990203 478649000 70290258 107863930 825104704 388023009 565198881 849546337 905070486 544917529 731874806 393825066 500090025 76230200 672323230 520171959 731899769 389817856 609389334 240127760 465346180 379335223 944824557 74394209 1008063813 963401316 81046514 449700756 89456711 468949214 637284286 1069023933 615322565 161544683 931278039 359844134 381538250 409799699 37698339 791328667 54356954 209109049 862787588 562558636 271349305 1045533025 1028902292 ]
[ 268430573 265083659 858897001 601962746 849416093 553516686 898393068 960337221 899051466 449127179 782195426 599542606 68415853 283378083 369406142 814824127 83680728 733129369 974515697 326205887 255307760 190933326 382952743 883198547 501355571 549898716 86844107 293093699 639179204 857816729 590311602 368335646 240541103 189631543 784056295 952476679 594236552 232407268 4173089 1020262932 441686248 1005192475 884368170 904874477 143599882 246601785 341566046 238808783 313399037 389178359 23135972 927759648 671270507 456213199 706795708 868736145 515625801 956224938 414560494 109109392 681864965 549139645 1051883001 1032104686 ]
[ 891292958 8911763 44907682 877458561 158925145 386933923 798427527 999837441 359942492 212119061 199002779 788517727 554962572 759263848 422362811 883822456 407136190 1049858159 654504356 801990413 807603789 234423104 538792977 913445409 865745112 578443424 980342422 979031529 854147547 169807787 276990648 228841996 414985435 498270598 205961445 942425035 334120102 497279203 384074292 518244891 574748595 806094074 335712636 132775354 802949469 366347818 880746740 22227787 903787663 590282243 710700565 107255041 965495785 455342637 876645788 626109311 179730377 252078254 238235797 937969476 379360146 334761563 304042771 108413163 ]
[ 422335881 287828680 265968030 460736982 558117671 299002952 923043059 941899413 569163014 147301138 1021241004 411171369 295278189 436636972 760513774 574617580 316854445 808498853 390595090 658990938 553424493 1039559218 453093523 1065793700 186227727 376610253 658631189 1021491873 9910281 290705361 15937950 356669192 429660208 542876286 7830625 366469682 1061472727 372317579 38715563 504358324 569795658 859467128 881082277 108980343 776408440 168434276 767900040 520525966 568810268 1062833275 537141750 57830545 227460626 170983144 69341529 1053309948 857141643 915675425 702683648 184353773 850178924 54907852 130895810 741318056 ]
[ 738007149 908160420 697010083 363985764 249195157 1038086738 594362438 61766219 49804497 763059962 269214842 645352223 1056101741 585872212 679571022 375386301 74146342 67788431 363438750 906831655 560937620 921283869 324399982 175129674 1024736009 161036271 164925573 97358647 433472982 1040632432 647184613 294547708 90032131 102754412 1005832797 605416690 426511334 662837975 413975807 809673665 1050095656 325132168 378036191 718005544 664200784 1053824872 807260753 763218793 405874858 979360420 1039583191 236370979 229178038 384129735 346691233 518471758 840333021 992088513 854271249 301270001 1024826433 646137915 102710491 457142944 ]
[ 26714503 1042440346 657477850 1073025539 349037053 419892853 356091293 561776352 383220516 428748027 747740331 613141716 969094198 197380894 427874978 715020230 217906299 550744968 1063219907 505994340 869867144 415074947 738500226 279220986 947951454 505626583 471371171 694032661 804245164 655952094 532031307 1053519783 958508072 42579447 826992073 885445912 555664625 65884252 933614725 373079740 752306297 489117059 481743545 614684096 308754433 62027362 747277881 142737972 24401472 880963480 922960209 940596387 412371812 801874295 539922873 1034236135 23623743 297220824 405838449 557573253 854740790 643334104 781909978 672296789 ]
[ 979727518 233465693 213401409 683022473 344579312 705913373 766219927 136878669 105277513 599247381 726278622 522704958 128711824 436137183 74143361 291514109 1851093 365520904 375446367 777432148 443988246 1052590972 637945754 987018452 622248792 82787932 442107377 864859133 638560549 172326859 602169714 646523973 199301423 147813851 54037236 916477482 1072569251 595578979 696531646 333944515 505809409 826965893 914516174 706082411 802184285 123516827 940553039 353427824 155375694 847671782 997078465 708856393 1028265520 153489432 691975660 520162471 178024653 824427080 646581046 465824714 623022994 939956719 510622958 1009646358 ]
[ 196600915 70136722 743156328 70273140 1010912341 198724698 629517281 454674723 116764475 1036654346 90336258 294446198 1062402149 266837079 920513935 426332674 1046539184 741896830 593834723 835827277 444769722 313447808 515022762 783609043 991733215 739951317 849370464 836889081 441619224 616479593 490550014 228838545 931694284 397426994 1056069286 503426261 1021384928 699061374 434627696 999755709 305525575 185496622 517899456 919431820 1000756368 66649081 901752185 867773838 125077158 849631987 905224651 796164981 984110010 17262008 248701402 270306105 303920523 160158434 55635845 608132170 761439286 246662440 235772960 231151598 ]
[ 102996145 837059984 45042550 661036382 951172323 960643010 678465386 565148816 180781271 875037884 49760354 167828091 924957349 338912035 454570884 377621670 454425787 50579075 513612064 362428461 84230302 647128802 312384150 354012741 178599213 88942132 408871836 251464022 514239192 968995187 1031209605 507055457 159171781 266838210 64219629 833480128 29310537 186061658 492586187 103143102 365118736 451104365 994121934 1034478559 830267595 604987485 486644371 932649974 479044658 1008703887 605976595 358666334 846645993 31076067 33526457 258964668 920610472 97136294 959653895 35066673 10012836 429972454 121402773 52395431 ]
[ 109547160 858923762 259757780 534718538 32618626 678685549 435901002 442153327 859665815 89780263 854269885 37280268 779199023 188892460 795939911 388432077 371262833 681476086 835262230 706964742 29497130 416548400 899046717 70078529 1012816036 916150347 842017293 851289906 435349711 431647591 417176692 1060721591 377777440 956983663 349667021 1068693027 115982305 205283002 1003153456 938993084 573637055 709006801 32222115 399633203 1040840900 735812285 1052145874 18327777 342052192 32648015 881055887 802210195 712253258 891086082 898227032 584235044 1045057228 351572949 362847963 252509587 516843225 534660829 780122282 1004481276 ]
[ 460018504 401326023 301667390 316365001 920106687 357206921 109999492 170278558 29146673 957129880 760850165 854906857 988072173 984887394 57314380 273564962 392793187 502062338 472613964 314453707 593872480 134728457 555163994 504072580 46964845 385630164 1047684038 373189512 888362711 294480853 102835287 699977541 352431913 843513308 958357008 171434915 110751894 670134170 816676724 637598682 406120065 468124360 24330478 233596670 285788840 35196828 73743897 1052381603 818663248 681671155 407480752 266284243 861142371 170321450 534092954 256210879 842275955 377825409 873574487 339585907 998437041 373132427 890754375 306803435 ]
[ 840295103 1048171528 161841905 565530303 1028750451 660076707 586325188 920672110 604482623 720238892 871515949 521255141 342447133 456830191 589849215 809651210 653153118 345549235 883641582 677197939 1053337391 479184941 704223892 688724009 454079811 4095584 875020180 638224645 1071936959 558845193 696350448 89227938 446478338 802993560 711461650 746175315 1037894509 54842274 261039311 1038921532 64681427 452760508 584275910 591628746 384652623 158406198 623013648 956850395 27435167 555930686 774091779 942260640 891609883 887121458 873160435 687630134 590742660 719990991 81544004 156940746 593421826 978244612 1041422509 989980283 ]
