32
[ 354617355  799961463  639482444   65587883   96450888 1000075130  659861645  978692232  239614840  916404309  216593519    5152889  117776626   92893461  173736673  149372558  643251926   16077711  361021482  486351602  452062925  663825035  391862806  306884593  415235050  523119111  730893512 1060437676 1016327675  784117384   95829091  711335746]
[ 373780837  183137925  670614779   10439499  675665150 1029026633  587693701  357696861  972798370 1065290239  299403899  343169654  687569776  360581703 1065246128  990154887 1021525531  637572638  763574222 1032086926  732435740 1018615335  835862402   41212969  531256766  935586978  186646060   84021763  487775504  675840173  811963503  276044392]
[ 805364803  673736327  622608264  248979094 1039456426   78730389  295345111  540745198   16235971  101608767  700675420  669232575   99655288  807713771  671087630  169531855  645651322  983059766  109432450  550566345  601575034  230263584  600667745  870238874  134984211  968872623  987811986  421032776  753148698  271176836  774578169  977295174]
[ 837888198   99046561  544711073  763922424  544098827  603664024  401600831  122332486  849939369  903426274  968020024  803774385  266791630  495610581  954633670  582903995  263124333  547674752 1010414960  107348990 1015515870  600449601   37328908  996518382  899876206  276103417  885116568  892061634  483079739  545757997  309000169  383227969]
[1068296517  148271495  302688019  116382515 1013128477  784197603  254532604  611109357  220070937  703836908  560409787  777512842  263031381  853756071  764242640   68458870  513983238  755336255  334465834  903913044  588801020  607201393  659841065  240939707  567370102   44349883   73461017  174757143  191797900  883639302  683414021  877282003]
[ 781366024  633743293  785035927   28826174  701906142  471782568  145201295  128671274  163558778  569740536  544409059  368958991  960170963  880199696  572657803  187273551  123533109 1021358061  467066873  238508632  923257150  932602098  757151845  819473072  689644517  242231097  106159110  337268989  308715363  745525546   29352669  301676195]
[ 389167013  998733432  920940938  813585468  667375030  239114502  144175554  260783363  374024832  571636721  727807533  832023048  773863923  432131536    8773312  342372433  687481487  893541780  133560541 1068760326  608495004  346982998  972162831   72248396  575236877  851994199  383573195   18722594   46420419  944187374  901658057  561046788]
[ 352570470  561613867  152683572  141755713 1040571518  191630580 1042819901   35386065   80412277  319917903 1068051662  102150270   13841655  277816834  374609095  871648546  244666289  298377591  731764809  963084272 1025723049  453992127   96745532  122039761  703316605  454873320  516675774  220541502   64010814  177579663  331697055  375956959]
[ 791686327  797287012  972807623  131117789  132929615  901733844 1070149525  393847179 1028729600  920817460   86744973  686703185  194169653  465974381  718015698   94840807  782232077  656400201  773488178  316165583  915560136  719967943 1060245390  383436977  217716162  570919435  759935459  575272432  113529634  723776489  873347019  653021006]
[ 623409453   71898469  767667701  888180048  717482714  237203749  309656477  645999343 1009851051  110209533  201360535   53185796  765595902  716171234  727693758  359539476   57268568 1040811184  425685017  984269760  693952545  644525769  918040722   47267779 1029104001  532170121  224123768  466797317   37143295  694621092  610630670  472517960]
[ 432962105  237880172  863666568  515362098  982521866  256346524   44453430  611751243  662304738  240737849  894271665  974636736   27016112   91352591   94790700  550221900  395961548  733349255  561020147  855895243  993074370  159459122  923758136   83871060  988914693  954029945   95825191   48454166  671535712  710850818  626517548  349074943]
[ 401415794  472949501  542960210  119509438  268620182  761472538  365203686  677228737  108085156  479372805  367665761  908369641  530626470  729818462   91465296  842707211  559305511  204034764   54968939  610698499  305187393   80479977  828036611  751272682  474582149  583727728  836826967  500565360  142256056  248109672  786672607  429974608]
[ 717307316  991338662  703717848  546766931  307805461  125708255  449054852  583336256  634228957  407068881  563090039   14871731 1041728170   12865317  231909468  389258709  115199415   57612932  435285831  264909464  902404384  141353064  602537157  257990550  554724945  295754899  590174439  721380658  358104874  779190775  862832893  622988050]
[  89298950  600815902 1037840063  117416737  937278998  385823389  549076593  985850633  863092423  336264492  760711722  851680720   63816944  641467340   61185912  831818423  659586248  710737555  146131599  682428997 1066783368  729912207  575639071  230196957  967700335   86895198  945935032  530349820  934683234  625599004  398170357 1055706215]
[ 861739146 1070092970  368839117  486803207 1071234653  708858278  438743263   15004121  476585697  841836580  406849586  694347002  506112056  449635520   11110269  623572561   40463578  195236228  417593571  534727143 1057309270  486805162  629937239   10645214  778238499  693262364  449912230   61541756  725901818  791259006  380680252  194597566]
[ 243946300  132700613  128910127  914922478  681948695  921294794  867155076  684831009  937303201  779891038  679822531 1058908031  775713339   17763949  631120424  572525206  434645720  367693614  707919362  667507156  848191597  181424821  185403779  471474221  281898703 1050668638  261963629   57413212  298700356  249007281  126950797  836920595]
[ 851134652   50567754  216802532  955699590  615052994  282297825  622054022  979136496  165677178  584973072  746612388 1018244746  526244944  651021403  575812280  218567378  661301556  667081508  340493411  988547631  958904580  730904492  692069000  442039157  579605026 1073255340  199679446  256938282  833712203 1026435814 1032288127  902627201]
[ 740451407  678484816  100424281  438466579  285126984  304867766   51297925  717976050  680863888  456401615  768964855 1034228845  976465070  721325337  173275997   89010293   24600324  438089337  409002387  760943326  516527167  407923536  544922496 1065173301  465748101  971708024  984142931  588301970  303317540  487984964  925878707  714221601]
[ 435011595  731462108  848237513  646536571  813940920   27657131  418619564  252728602  247204758  224308404   95231358    4158154  113414176  518918063  218495049  181490761  175613709  773046163   24238355  301059933  649584920  578041768  251020719  109287255 1010753064  143538780  587205109  212684222  663431002  823528494  350636401  470484760]
[   4301082  892224135  552282656  934096185  772583685   57485071  280661387  397588993  640095791  169766021  549094291  432231135  274542409 1063509419  668458662   55538741   73556621   46541098  303342461 1006781052  911498556  316244895  245305790  139645063  301729044  815398916  496993230  203080953   66922276  255445893  211450611  274677034]
[  71515424  248597715  301729445   55021142  679742093  564076340  809688959  120400018  351884837  999650047   30252185  129588101  506105059  578549763  694409318  545391113  601283181  939177636  511259056  641617942   54066172 1054578346  595189952  765064166  533264949  142553441  137411386  609719942 1014883114  269394731  300321895   45448047]
[ 217298665   99128992  284886050  739803906  196139176  957124829  847879774  326907742  409178733  103135007  296849389  386055825  855939269  922143920  472907612  664183212 1030216918  575993488  828945187  127614720  660247123  536812315   22793237 1010860845  248306642  641543518  627061470  917244310  937447766  896968255  690680914  933648138]
[  60514781  174235439 1031083270 1024394805  946172487  385850385   60041914  597685076  933338254  544080002  186085416  427190956  661589271  834627656  802430500  449519797  668410515  903331327  453072920  519010025 1039383955  453239084  263665139  287899311  363630984  112586737  408308414   13929885  415347866  101840911  476990963  204563289]
[ 780485191  237485749  107784877  931916562 1054245967  348701160  634333841  433030615  435674853  925176960  290270831  583562941  812024878  107473429  927180831   99331386  771812061  192274831  133060854 1040875022  737676013  589095320  305976512  386249256    1081069  591421601  710693948  383143467  902616721  436100848  146896269  536118929]
[ 550161672  704251419  358077860  494861266  769284388 1037173737  128038652  455023272  175190532  831724768    8442788   92001267  633852753  123483549  318503483  779308034  725082176  644952827 1071397088  487012910  919561370  638484514  487652957  184530063   21656198  708368500  158198115  826145955  318078319  363665424  988276193  996512106]
[ 972024072  209933580  666545498  538859659  969958027  217598163  267700192   89655552  874309639  728323532  105901584  144586949  454009327  176874691  500618110  672042693  751908717  508016728  703155605 1050176804  203011428  770903858  995440585  535835873 1021040760  256897202  779517379  680059231  241969330  261024081  302273703  315495710]
[ 806301873  944879627  371061950  469243151 1039204324  233504452  678355325   63125183  562897149  951580931  291720590  252597017  489833352  793017783  859903445  239111401  866193337  300886561  902987646  772764674  490394913  627413368  784728124  283901057  798763502  676826320  435894096  913845026  873071915  492204830  520719979  113867910]
[ 525758630  360841652  119668025  186521653  449153756  793902648  203686096  866501350  173366213  146957639  651621176  688665771  676056867  571531534  630571441  602544163  807867570  153004903  144462580  534595685  829337435  718454154  791469305  870397892  608148777  189670239  368115983  370047846  703933078   93373693  934253668   50683479]
[ 429091771  467182709  225300021  371997750  881368177  309963626  561629163  154135053  961102992 1014074518  741230327  148112520  669546947  993722577  995963053  426980447  338386440  677824160  192424489 1028504443  287682050  531644324  275163356  487030220  503191709  577260254  729734776  452441975  691867922  307506917  866974099  470030352]
[ 814798756  436785281  792364791  753445165  338597872  625302671  637528885  631123396  373016225   86285450  882151344  318957979  346369355  349360164  170955880  978767363  344691093  483894990 1000721441  607974890  761880300  542784813  901651855  602018986  605708529  718832513  996967233  421205591  892291902   29709333  183795063  211919619]
[ 906207437  518638423  372966629  255752492  769028560  321386397  855433013  256687031  503209124  547351170  539599395   59129372   32006691  887453644  100774692   47231054  905462370  603296517  437331562  596064456  638148977  290920590  962241521  445938140  420056414  320160389  670901861  890728266   69500420  288522129  196537250  874162994]
[ 734554887  156929092  648005969  793940781  258128781  434297283  560906959 1014829930  325100647  114957495  471522320  534051340  779303327  682346808  461824859  510508428 1063424941  347842810  426530042 1022548357  290490824  784429389  780361048  139012558  133870377  761084728 1056347858  912902420  210082605  528823606  518600126  894822086]