16
[ 354617355  799961463  639482444   65587883   96450888 1000075130  659861645  978692232  239614840  916404309  216593519    5152889  117776626   92893461  173736673  149372558]
[ 643251926   16077711  361021482  486351602  452062925  663825035  391862806  306884593  415235050  523119111  730893512 1060437676 1016327675  784117384   95829091  711335746]
[ 373780837  183137925  670614779   10439499  675665150 1029026633  587693701  357696861  972798370 1065290239  299403899  343169654  687569776  360581703 1065246128  990154887]
[1021525531  637572638  763574222 1032086926  732435740 1018615335  835862402   41212969  531256766  935586978  186646060   84021763  487775504  675840173  811963503  276044392]
[ 805364803  673736327  622608264  248979094 1039456426   78730389  295345111  540745198   16235971  101608767  700675420  669232575   99655288  807713771  671087630  169531855]
[ 645651322  983059766  109432450  550566345  601575034  230263584  600667745  870238874  134984211  968872623  987811986  421032776  753148698  271176836  774578169  977295174]
[ 837888198   99046561  544711073  763922424  544098827  603664024  401600831  122332486  849939369  903426274  968020024  803774385  266791630  495610581  954633670  582903995]
[ 263124333  547674752 1010414960  107348990 1015515870  600449601   37328908  996518382  899876206  276103417  885116568  892061634  483079739  545757997  309000169  383227969]
[1068296517  148271495  302688019  116382515 1013128477  784197603  254532604  611109357  220070937  703836908  560409787  777512842  263031381  853756071  764242640   68458870]
[ 513983238  755336255  334465834  903913044  588801020  607201393  659841065  240939707  567370102   44349883   73461017  174757143  191797900  883639302  683414021  877282003]
[ 781366024  633743293  785035927   28826174  701906142  471782568  145201295  128671274  163558778  569740536  544409059  368958991  960170963  880199696  572657803  187273551]
[ 123533109 1021358061  467066873  238508632  923257150  932602098  757151845  819473072  689644517  242231097  106159110  337268989  308715363  745525546   29352669  301676195]
[ 389167013  998733432  920940938  813585468  667375030  239114502  144175554  260783363  374024832  571636721  727807533  832023048  773863923  432131536    8773312  342372433]
[ 687481487  893541780  133560541 1068760326  608495004  346982998  972162831   72248396  575236877  851994199  383573195   18722594   46420419  944187374  901658057  561046788]
[ 352570470  561613867  152683572  141755713 1040571518  191630580 1042819901   35386065   80412277  319917903 1068051662  102150270   13841655  277816834  374609095  871648546]
[ 244666289  298377591  731764809  963084272 1025723049  453992127   96745532  122039761  703316605  454873320  516675774  220541502   64010814  177579663  331697055  375956959]